$ yank analyze -s output/
2015-10-27 11:24:43,807: Opening NetCDF trajectory file 'output/solvent-explicit.nc' for reading...
2015-10-27 11:24:43,924: dimensions:
2015-10-27 11:24:43,926:        iteration     1000
2015-10-27 11:24:43,926:          replica       16
2015-10-27 11:24:43,926:             atom     8247
2015-10-27 11:24:43,927:          spatial        3
2015-10-27 11:24:43,927:           scalar        1
2015-10-27 11:24:43,927: Read 1000 iterations, 16 states
2015-10-27 11:24:43,928: Reading energies...
2015-10-27 11:25:00,660: Done.
2015-10-27 11:25:00,660: Deconvoluting replicas...
2015-10-27 11:25:02,883: Done.
2015-10-27 11:25:03,316: [236, 252.83751]
2015-10-27 11:25:13,650: Cumulative symmetrized state mixing transition matrix:
2015-10-27 11:25:13,651:            0     1     2     3     4     5     6     7     8     9    10    11    12    13    14    15
2015-10-27 11:25:13,651: 0      0.877 0.104                                                                                    
2015-10-27 11:25:13,651: 1      0.104 0.582 0.293                                                                              
2015-10-27 11:25:13,651: 2            0.293 0.596 0.092                                                                        
2015-10-27 11:25:13,651: 3                  0.092 0.865                                                                        
2015-10-27 11:25:13,651: 4                              0.908 0.070                                                            
2015-10-27 11:25:13,651: 5                              0.070 0.845 0.084                                                      
2015-10-27 11:25:13,651: 6                                    0.084 0.902                                                      
2015-10-27 11:25:13,651: 7                                                0.752 0.194                                          
2015-10-27 11:25:13,651: 8                                                0.194 0.566 0.195                                    
2015-10-27 11:25:13,652: 9                                                      0.195 0.528 0.177                              
2015-10-27 11:25:13,652: 10                                                           0.177 0.488 0.195                        
2015-10-27 11:25:13,652: 11                                                                 0.195 0.429 0.139 0.070 0.076      
2015-10-27 11:25:13,652: 12                                                                       0.139 0.239 0.204 0.189 0.177
2015-10-27 11:25:13,652: 13                                                                       0.070 0.204 0.206 0.238 0.242
2015-10-27 11:25:13,652: 14                                                                       0.076 0.189 0.238 0.202 0.279
2015-10-27 11:25:13,652: 15                                                                             0.177 0.242 0.279 0.237
2015-10-27 11:25:13,764: Perron eigenvalue is   0.99793; state equilibration timescale is ~ 483.8 iterations
2015-10-27 11:25:13,767: Reading energies...
2015-10-27 11:25:14,538: Done.
2015-10-27 11:25:14,538: Deconvoluting replicas...
2015-10-27 11:25:15,753: Done.
2015-10-27 11:25:15,811: number of uncorrelated samples:
2015-10-27 11:25:15,812: [253 253 253 253 253 253 253 253 253 253 253 253 253 253 253 253]
2015-10-27 11:25:15,813: 
2015-10-27 11:25:15,813: Computing free energy differences...
2015-10-27 11:25:58,890: Computing covariance matrix...
2015-10-27 11:25:59,095: Deltaf_ij:
2015-10-27 11:25:59,095:    0.000   8.005  10.653  12.418   7.056  -1.548 -10.541 -21.298 -32.982 -43.247 -52.139 -60.046 -64.258 -66.323 -67.431 -68.099
2015-10-27 11:25:59,095:   -8.005   0.000   2.649   4.414  -0.949  -9.552 -18.545 -29.303 -40.986 -51.252 -60.144 -68.050 -72.262 -74.328 -75.436 -76.104
2015-10-27 11:25:59,095:  -10.653  -2.649   0.000   1.765  -3.597 -12.201 -21.194 -31.951 -43.635 -53.901 -62.793 -70.699 -74.911 -76.977 -78.084 -78.752
2015-10-27 11:25:59,095:  -12.418  -4.414  -1.765   0.000  -5.362 -13.966 -22.959 -33.716 -45.400 -55.665 -64.557 -72.464 -76.676 -78.742 -79.849 -80.517
2015-10-27 11:25:59,095:   -7.056   0.949   3.597   5.362   0.000  -8.604 -17.597 -28.354 -40.037 -50.303 -59.195 -67.102 -71.314 -73.379 -74.487 -75.155
2015-10-27 11:25:59,095:    1.548   9.552  12.201  13.966   8.604   0.000  -8.993 -19.750 -31.434 -41.699 -50.591 -58.498 -62.710 -64.776 -65.883 -66.551
2015-10-27 11:25:59,095:   10.541  18.545  21.194  22.959  17.597   8.993   0.000 -10.757 -22.441 -32.707 -41.599 -49.505 -53.717 -55.783 -56.890 -57.558
2015-10-27 11:25:59,096:   21.298  29.303  31.951  33.716  28.354  19.750  10.757   0.000 -11.683 -21.949 -30.841 -38.748 -42.960 -45.025 -46.133 -46.801
2015-10-27 11:25:59,096:   32.982  40.986  43.635  45.400  40.037  31.434  22.441  11.683   0.000 -10.266 -19.158 -27.064 -31.276 -33.342 -34.449 -35.118
2015-10-27 11:25:59,096:   43.247  51.252  53.901  55.665  50.303  41.699  32.707  21.949  10.266   0.000  -8.892 -16.799 -21.011 -23.076 -24.184 -24.852
2015-10-27 11:25:59,096:   52.139  60.144  62.793  64.557  59.195  50.591  41.599  30.841  19.158   8.892   0.000  -7.907 -12.119 -14.184 -15.292 -15.960
2015-10-27 11:25:59,096:   60.046  68.050  70.699  72.464  67.102  58.498  49.505  38.748  27.064  16.799   7.907   0.000  -4.212  -6.278  -7.385  -8.053
2015-10-27 11:25:59,096:   64.258  72.262  74.911  76.676  71.314  62.710  53.717  42.960  31.276  21.011  12.119   4.212   0.000  -2.065  -3.173  -3.841
2015-10-27 11:25:59,096:   66.323  74.328  76.977  78.742  73.379  64.776  55.783  45.025  33.342  23.076  14.184   6.278   2.065   0.000  -1.108  -1.776
2015-10-27 11:25:59,096:   67.431  75.436  78.084  79.849  74.487  65.883  56.890  46.133  34.449  24.184  15.292   7.385   3.173   1.108   0.000  -0.668
2015-10-27 11:25:59,096:   68.099  76.104  78.752  80.517  75.155  66.551  57.558  46.801  35.118  24.852  15.960   8.053   3.841   1.776   0.668   0.000
2015-10-27 11:25:59,096: dDeltaf_ij:
2015-10-27 11:25:59,096:    0.000   0.099   0.128   0.178   0.275   0.312   0.343   0.404   0.417   0.426   0.432   0.438   0.442   0.443   0.444   0.444
2015-10-27 11:25:59,097:    0.099   0.000   0.048   0.131   0.247   0.288   0.321   0.385   0.399   0.408   0.415   0.421   0.425   0.426   0.427   0.427
2015-10-27 11:25:59,097:    0.128   0.048   0.000   0.103   0.233   0.276   0.310   0.376   0.391   0.400   0.407   0.413   0.417   0.419   0.419   0.419
2015-10-27 11:25:59,097:    0.178   0.131   0.103   0.000   0.190   0.242   0.280   0.352   0.367   0.377   0.384   0.390   0.395   0.396   0.397   0.397
2015-10-27 11:25:59,097:    0.275   0.247   0.233   0.190   0.000   0.120   0.185   0.282   0.301   0.313   0.322   0.329   0.334   0.336   0.337   0.338
2015-10-27 11:25:59,097:    0.312   0.288   0.276   0.242   0.120   0.000   0.113   0.241   0.263   0.277   0.286   0.295   0.301   0.303   0.304   0.304
2015-10-27 11:25:59,097:    0.343   0.321   0.310   0.280   0.185   0.113   0.000   0.195   0.221   0.237   0.248   0.258   0.265   0.267   0.268   0.269
2015-10-27 11:25:59,097:    0.404   0.385   0.376   0.352   0.282   0.241   0.195   0.000   0.068   0.109   0.131   0.149   0.160   0.164   0.166   0.167
2015-10-27 11:25:59,097:    0.417   0.399   0.391   0.367   0.301   0.263   0.221   0.068   0.000   0.058   0.092   0.115   0.130   0.135   0.137   0.138
2015-10-27 11:25:59,097:    0.426   0.408   0.400   0.377   0.313   0.277   0.237   0.109   0.058   0.000   0.047   0.082   0.101   0.108   0.110   0.111
2015-10-27 11:25:59,097:    0.432   0.415   0.407   0.384   0.322   0.286   0.248   0.131   0.092   0.047   0.000   0.048   0.075   0.084   0.087   0.088
2015-10-27 11:25:59,098:    0.438   0.421   0.413   0.390   0.329   0.295   0.258   0.149   0.115   0.082   0.048   0.000   0.039   0.052   0.056   0.058
2015-10-27 11:25:59,098:    0.442   0.425   0.417   0.395   0.334   0.301   0.265   0.160   0.130   0.101   0.075   0.039   0.000   0.015   0.021   0.024
2015-10-27 11:25:59,098:    0.443   0.426   0.419   0.396   0.336   0.303   0.267   0.164   0.135   0.108   0.084   0.052   0.015   0.000   0.006   0.010
2015-10-27 11:25:59,098:    0.444   0.427   0.419   0.397   0.337   0.304   0.268   0.166   0.137   0.110   0.087   0.056   0.021   0.006   0.000   0.004
2015-10-27 11:25:59,098:    0.444   0.427   0.419   0.397   0.338   0.304   0.269   0.167   0.138   0.111   0.088   0.058   0.024   0.010   0.004   0.000
2015-10-27 11:25:59,098: Reading energies...
2015-10-27 11:25:59,839: Done.
2015-10-27 11:25:59,839: Deconvoluting replicas...
2015-10-27 11:26:01,098: Done.
2015-10-27 11:26:01,116: number of uncorrelated samples:
2015-10-27 11:26:01,117: [253 253 253 253 253 253 253 253 253 253 253 253 253 253 253 253]
2015-10-27 11:26:01,118: 
2015-10-27 11:26:01,123: Opening NetCDF trajectory file 'output/complex-explicit.nc' for reading...
2015-10-27 11:26:01,195: dimensions:
2015-10-27 11:26:01,195:        iteration     1000
2015-10-27 11:26:01,195:          replica       16
2015-10-27 11:26:01,195:             atom    53184
2015-10-27 11:26:01,195:          spatial        3
2015-10-27 11:26:01,195:           scalar        1
2015-10-27 11:26:01,196: Read 1000 iterations, 16 states
2015-10-27 11:26:01,197: Reading energies...
2015-10-27 11:26:03,649: Done.
2015-10-27 11:26:03,649: Deconvoluting replicas...
2015-10-27 11:26:05,075: Done.
2015-10-27 11:26:05,575: [397, 181.40628]
2015-10-27 11:26:14,189: Cumulative symmetrized state mixing transition matrix:
2015-10-27 11:26:14,189:            0     1     2     3     4     5     6     7     8     9    10    11    12    13    14    15
2015-10-27 11:26:14,189: 0      0.774 0.180                                                                                    
2015-10-27 11:26:14,189: 1      0.180 0.510 0.294                                                                              
2015-10-27 11:26:14,189: 2            0.294 0.560 0.101                                                                        
2015-10-27 11:26:14,190: 3                  0.101 0.857                                                                        
2015-10-27 11:26:14,190: 4                              0.924 0.051                                                            
2015-10-27 11:26:14,190: 5                              0.051 0.900                                                            
2015-10-27 11:26:14,190: 6                                          0.897 0.054                                                
2015-10-27 11:26:14,190: 7                                          0.054 0.895 0.051                                          
2015-10-27 11:26:14,190: 8                                                0.051 0.942                                          
2015-10-27 11:26:14,191: 9                                                            0.963                                    
2015-10-27 11:26:14,191: 10                                                                 0.739 0.158                        
2015-10-27 11:26:14,191: 11                                                                 0.158 0.497 0.127 0.098 0.065 0.054
2015-10-27 11:26:14,191: 12                                                                       0.127 0.264 0.197 0.200 0.175
2015-10-27 11:26:14,191: 13                                                                       0.098 0.197 0.216 0.237 0.230
2015-10-27 11:26:14,191: 14                                                                       0.065 0.200 0.237 0.241 0.252
2015-10-27 11:26:14,192: 15                                                                       0.054 0.175 0.230 0.252 0.279
2015-10-27 11:26:14,209: Perron eigenvalue is   0.99893; state equilibration timescale is ~ 933.8 iterations
2015-10-27 11:26:14,209: Reading energies...
2015-10-27 11:26:14,929: Done.
2015-10-27 11:26:14,929: Deconvoluting replicas...
2015-10-27 11:26:15,688: Done.
2015-10-27 11:26:15,707: number of uncorrelated samples:
2015-10-27 11:26:15,707: [181 181 181 181 181 181 181 181 181 181 181 181 181 181 181 181]
2015-10-27 11:26:15,708: 
2015-10-27 11:26:15,708: Computing free energy differences...
2015-10-27 11:26:19,871: Computing covariance matrix...
2015-10-27 11:26:20,041: Deltaf_ij:
2015-10-27 11:26:20,041:    0.000   5.662   7.758   9.449   6.495   1.186  -5.003 -10.834 -15.687 -22.036 -28.480 -36.131 -40.511 -42.662 -43.796 -44.472
2015-10-27 11:26:20,041:   -5.662   0.000   2.096   3.786   0.833  -4.476 -10.665 -16.496 -21.349 -27.698 -34.142 -41.793 -46.173 -48.324 -49.458 -50.134
2015-10-27 11:26:20,041:   -7.758  -2.096   0.000   1.690  -1.264  -6.572 -12.761 -18.592 -23.445 -29.794 -36.238 -43.889 -48.269 -50.420 -51.554 -52.230
2015-10-27 11:26:20,041:   -9.449  -3.786  -1.690   0.000  -2.954  -8.262 -14.451 -20.283 -25.136 -31.484 -37.929 -45.579 -49.959 -52.110 -53.244 -53.920
2015-10-27 11:26:20,041:   -6.495  -0.833   1.264   2.954   0.000  -5.309 -11.497 -17.329 -22.182 -28.530 -34.975 -42.626 -47.005 -49.156 -50.291 -50.966
2015-10-27 11:26:20,041:   -1.186   4.476   6.572   8.262   5.309   0.000  -6.189 -12.020 -16.873 -23.222 -29.666 -37.317 -41.697 -43.848 -44.982 -45.658
2015-10-27 11:26:20,041:    5.003  10.665  12.761  14.451  11.497   6.189   0.000  -5.832 -10.685 -17.033 -23.477 -31.128 -35.508 -37.659 -38.793 -39.469
2015-10-27 11:26:20,041:   10.834  16.496  18.592  20.283  17.329  12.020   5.832   0.000  -4.853 -11.201 -17.646 -25.297 -29.676 -31.827 -32.962 -33.638
2015-10-27 11:26:20,042:   15.687  21.349  23.445  25.136  22.182  16.873  10.685   4.853   0.000  -6.348 -12.793 -20.444 -24.823 -26.974 -28.109 -28.785
2015-10-27 11:26:20,042:   22.036  27.698  29.794  31.484  28.530  23.222  17.033  11.201   6.348   0.000  -6.445 -14.095 -18.475 -20.626 -21.760 -22.436
2015-10-27 11:26:20,042:   28.480  34.142  36.238  37.929  34.975  29.666  23.477  17.646  12.793   6.445   0.000  -7.651 -12.031 -14.181 -15.316 -15.992
2015-10-27 11:26:20,042:   36.131  41.793  43.889  45.579  42.626  37.317  31.128  25.297  20.444  14.095   7.651   0.000  -4.380  -6.531  -7.665  -8.341
2015-10-27 11:26:20,042:   40.511  46.173  48.269  49.959  47.005  41.697  35.508  29.676  24.823  18.475  12.031   4.380   0.000  -2.151  -3.285  -3.961
2015-10-27 11:26:20,042:   42.662  48.324  50.420  52.110  49.156  43.848  37.659  31.827  26.974  20.626  14.181   6.531   2.151   0.000  -1.134  -1.810
2015-10-27 11:26:20,042:   43.796  49.458  51.554  53.244  50.291  44.982  38.793  32.962  28.109  21.760  15.316   7.665   3.285   1.134   0.000  -0.676
2015-10-27 11:26:20,042:   44.472  50.134  52.230  53.920  50.966  45.658  39.469  33.638  28.785  22.436  15.992   8.341   3.961   1.810   0.676   0.000
2015-10-27 11:26:20,042: dDeltaf_ij:
2015-10-27 11:26:20,042:    0.000   0.078   0.113   0.177   0.300   0.361   0.416   0.459   0.492   0.576   0.624   0.634   0.638   0.640   0.640   0.641
2015-10-27 11:26:20,042:    0.078   0.000   0.050   0.141   0.280   0.345   0.402   0.446   0.480   0.566   0.614   0.625   0.629   0.631   0.631   0.632
2015-10-27 11:26:20,043:    0.113   0.050   0.000   0.111   0.266   0.333   0.392   0.437   0.472   0.559   0.608   0.618   0.623   0.625   0.625   0.626
2015-10-27 11:26:20,043:    0.177   0.141   0.111   0.000   0.219   0.297   0.362   0.411   0.448   0.539   0.589   0.600   0.605   0.606   0.607   0.607
2015-10-27 11:26:20,043:    0.300   0.280   0.266   0.219   0.000   0.173   0.269   0.332   0.377   0.481   0.537   0.549   0.554   0.556   0.556   0.557
2015-10-27 11:26:20,043:    0.361   0.345   0.333   0.297   0.173   0.000   0.179   0.264   0.318   0.437   0.498   0.511   0.516   0.518   0.519   0.519
2015-10-27 11:26:20,043:    0.416   0.402   0.392   0.362   0.269   0.179   0.000   0.165   0.243   0.386   0.453   0.467   0.473   0.475   0.476   0.477
2015-10-27 11:26:20,043:    0.459   0.446   0.437   0.411   0.332   0.264   0.165   0.000   0.147   0.334   0.410   0.425   0.432   0.434   0.435   0.436
2015-10-27 11:26:20,043:    0.492   0.480   0.472   0.448   0.377   0.318   0.243   0.147   0.000   0.281   0.368   0.385   0.393   0.395   0.396   0.397
2015-10-27 11:26:20,043:    0.576   0.566   0.559   0.539   0.481   0.437   0.386   0.334   0.281   0.000   0.216   0.244   0.255   0.259   0.260   0.261
2015-10-27 11:26:20,043:    0.624   0.614   0.608   0.589   0.537   0.498   0.453   0.410   0.368   0.216   0.000   0.078   0.108   0.117   0.120   0.122
2015-10-27 11:26:20,043:    0.634   0.625   0.618   0.600   0.549   0.511   0.467   0.425   0.385   0.244   0.078   0.000   0.056   0.071   0.076   0.079
2015-10-27 11:26:20,043:    0.638   0.629   0.623   0.605   0.554   0.516   0.473   0.432   0.393   0.255   0.108   0.056   0.000   0.019   0.027   0.031
2015-10-27 11:26:20,044:    0.640   0.631   0.625   0.606   0.556   0.518   0.475   0.434   0.395   0.259   0.117   0.071   0.019   0.000   0.009   0.014
2015-10-27 11:26:20,044:    0.640   0.631   0.625   0.607   0.556   0.519   0.476   0.435   0.396   0.260   0.120   0.076   0.027   0.009   0.000   0.006
2015-10-27 11:26:20,044:    0.641   0.632   0.626   0.607   0.557   0.519   0.477   0.436   0.397   0.261   0.122   0.079   0.031   0.014   0.006   0.000
2015-10-27 11:26:20,044: Reading energies...
2015-10-27 11:26:20,542: Done.
2015-10-27 11:26:20,542: Deconvoluting replicas...
2015-10-27 11:26:21,295: Done.
2015-10-27 11:26:21,313: number of uncorrelated samples:
2015-10-27 11:26:21,314: [181 181 181 181 181 181 181 181 181 181 181 181 181 181 181 181]
2015-10-27 11:26:21,314: 
2015-10-27 11:26:21,318: 
2015-10-27 11:26:21,319: Binding free energy :          -29.595 +- 0.780 kT (         -17.644 +- 0.465 kcal/mol)
2015-10-27 11:26:21,319: 
2015-10-27 11:26:21,319: DeltaG solvent      :          -68.099 +- 0.444 kT
2015-10-27 11:26:21,319: DeltaG complex      :          -44.472 +- 0.641 kT
2015-10-27 11:26:21,319: DeltaG restraint    :            5.968          kT
2015-10-27 11:26:21,319: 
2015-10-27 11:26:21,320: Binding enthalpy    :           69.434 +- 40.076 kT (          41.394 +- 23.892 kcal/mol)
