$ yank analyze -s output/
2015-10-28 10:18:57,190: Opening NetCDF trajectory file 'output/solvent-explicit.nc' for reading...
2015-10-28 10:18:57,274: dimensions:
2015-10-28 10:18:57,275:        iteration     1000
2015-10-28 10:18:57,275:          replica       16
2015-10-28 10:18:57,275:             atom     8247
2015-10-28 10:18:57,275:          spatial        3
2015-10-28 10:18:57,275:           scalar        1
2015-10-28 10:18:57,276: Read 1000 iterations, 16 states
2015-10-28 10:18:57,276: Reading energies...
2015-10-28 10:19:12,940: Done.
2015-10-28 10:19:12,941: Deconvoluting replicas...
2015-10-28 10:19:14,814: Done.
2015-10-28 10:19:15,133: [153, 359.63022]
2015-10-28 10:19:28,062: Cumulative symmetrized state mixing transition matrix:
2015-10-28 10:19:28,063:            0     1     2     3     4     5     6     7     8     9    10    11    12    13    14    15
2015-10-28 10:19:28,063: 0      0.878 0.103                                                                                    
2015-10-28 10:19:28,063: 1      0.103 0.577 0.304                                                                              
2015-10-28 10:19:28,063: 2            0.304 0.592 0.086                                                                        
2015-10-28 10:19:28,063: 3                  0.086 0.862                                                                        
2015-10-28 10:19:28,063: 4                              0.913 0.052                                                            
2015-10-28 10:19:28,063: 5                              0.052 0.884 0.060                                                      
2015-10-28 10:19:28,063: 6                                    0.060 0.829 0.105                                                
2015-10-28 10:19:28,064: 7                                          0.105 0.787 0.095                                          
2015-10-28 10:19:28,064: 8                                                0.095 0.681 0.176                                    
2015-10-28 10:19:28,064: 9                                                      0.176 0.535 0.205 0.053                        
2015-10-28 10:19:28,064: 10                                                           0.205 0.507 0.183                        
2015-10-28 10:19:28,064: 11                                                           0.053 0.183 0.433 0.115 0.080 0.080      
2015-10-28 10:19:28,064: 12                                                                       0.115 0.249 0.216 0.182 0.190
2015-10-28 10:19:28,064: 13                                                                       0.080 0.216 0.208 0.232 0.242
2015-10-28 10:19:28,064: 14                                                                       0.080 0.182 0.232 0.233 0.257
2015-10-28 10:19:28,065: 15                                                                             0.190 0.242 0.257 0.251
2015-10-28 10:19:28,244: Perron eigenvalue is   0.99597; state equilibration timescale is ~ 248.4 iterations
2015-10-28 10:19:28,245: Reading energies...
2015-10-28 10:19:28,883: Done.
2015-10-28 10:19:28,883: Deconvoluting replicas...
2015-10-28 10:19:29,989: Done.
2015-10-28 10:19:30,024: number of uncorrelated samples:
2015-10-28 10:19:30,024: [359 359 359 359 359 359 359 359 359 359 359 359 359 359 359 359]
2015-10-28 10:19:30,026: 
2015-10-28 10:19:30,026: Computing free energy differences...
2015-10-28 10:19:54,216: Computing covariance matrix...
2015-10-28 10:19:54,437: Deltaf_ij:
2015-10-28 10:19:54,438:    0.000   7.849  10.526  12.418   7.371  -1.179 -10.502 -20.210 -30.378 -40.348 -49.244 -57.207 -61.569 -63.699 -64.834 -65.518
2015-10-28 10:19:54,438:   -7.849   0.000   2.677   4.569  -0.478  -9.028 -18.350 -28.059 -38.227 -48.197 -57.093 -65.056 -69.418 -71.548 -72.683 -73.366
2015-10-28 10:19:54,438:  -10.526  -2.677   0.000   1.892  -3.156 -11.705 -21.028 -30.736 -40.904 -50.874 -59.770 -67.733 -72.096 -74.225 -75.360 -76.044
2015-10-28 10:19:54,438:  -12.418  -4.569  -1.892   0.000  -5.047 -13.597 -22.920 -32.628 -42.796 -52.766 -61.662 -69.625 -73.987 -76.117 -77.252 -77.936
2015-10-28 10:19:54,438:   -7.371   0.478   3.156   5.047   0.000  -8.550 -17.872 -27.581 -37.748 -47.719 -56.615 -64.577 -68.940 -71.069 -72.205 -72.888
2015-10-28 10:19:54,438:    1.179   9.028  11.705  13.597   8.550   0.000  -9.322 -19.031 -29.198 -39.169 -48.065 -56.027 -60.390 -62.520 -63.655 -64.338
2015-10-28 10:19:54,439:   10.502  18.350  21.028  22.920  17.872   9.322   0.000  -9.709 -19.876 -29.847 -38.743 -46.705 -51.068 -53.197 -54.332 -55.016
2015-10-28 10:19:54,439:   20.210  28.059  30.736  32.628  27.581  19.031   9.709   0.000 -10.168 -20.138 -29.034 -36.997 -41.359 -43.489 -44.624 -45.307
2015-10-28 10:19:54,439:   30.378  38.227  40.904  42.796  37.748  29.198  19.876  10.168   0.000  -9.971 -18.866 -26.829 -31.192 -33.321 -34.456 -35.140
2015-10-28 10:19:54,439:   40.348  48.197  50.874  52.766  47.719  39.169  29.847  20.138   9.971   0.000  -8.896 -16.858 -21.221 -23.350 -24.486 -25.169
2015-10-28 10:19:54,439:   49.244  57.093  59.770  61.662  56.615  48.065  38.743  29.034  18.866   8.896   0.000  -7.963 -12.325 -14.455 -15.590 -16.273
2015-10-28 10:19:54,439:   57.207  65.056  67.733  69.625  64.577  56.027  46.705  36.997  26.829  16.858   7.963   0.000  -4.363  -6.492  -7.627  -8.311
2015-10-28 10:19:54,439:   61.569  69.418  72.096  73.987  68.940  60.390  51.068  41.359  31.192  21.221  12.325   4.363   0.000  -2.129  -3.265  -3.948
2015-10-28 10:19:54,440:   63.699  71.548  74.225  76.117  71.069  62.520  53.197  43.489  33.321  23.350  14.455   6.492   2.129   0.000  -1.135  -1.819
2015-10-28 10:19:54,440:   64.834  72.683  75.360  77.252  72.205  63.655  54.332  44.624  34.456  24.486  15.590   7.627   3.265   1.135   0.000  -0.684
2015-10-28 10:19:54,440:   65.518  73.366  76.044  77.936  72.888  64.338  55.016  45.307  35.140  25.169  16.273   8.311   3.948   1.819   0.684   0.000
2015-10-28 10:19:54,440: dDeltaf_ij:
2015-10-28 10:19:54,444:    0.000   0.077   0.102   0.146   0.228   0.261   0.289   0.312   0.330   0.340   0.346   0.351   0.355   0.357   0.357   0.357
2015-10-28 10:19:54,445:    0.077   0.000   0.039   0.110   0.206   0.243   0.273   0.297   0.316   0.326   0.332   0.338   0.342   0.344   0.344   0.344
2015-10-28 10:19:54,445:    0.102   0.039   0.000   0.087   0.195   0.233   0.264   0.289   0.309   0.319   0.325   0.331   0.335   0.337   0.337   0.338
2015-10-28 10:19:54,445:    0.146   0.110   0.087   0.000   0.159   0.204   0.239   0.266   0.287   0.298   0.305   0.311   0.316   0.317   0.318   0.318
2015-10-28 10:19:54,445:    0.228   0.206   0.195   0.159   0.000   0.105   0.163   0.201   0.228   0.241   0.250   0.257   0.263   0.265   0.265   0.266
2015-10-28 10:19:54,460:    0.261   0.243   0.233   0.204   0.105   0.000   0.102   0.156   0.189   0.206   0.215   0.224   0.230   0.233   0.233   0.234
2015-10-28 10:19:54,460:    0.289   0.273   0.264   0.239   0.163   0.102   0.000   0.094   0.143   0.164   0.176   0.186   0.194   0.197   0.198   0.198
2015-10-28 10:19:54,460:    0.312   0.297   0.289   0.266   0.201   0.156   0.094   0.000   0.085   0.116   0.133   0.146   0.156   0.159   0.160   0.161
2015-10-28 10:19:54,461:    0.330   0.316   0.309   0.287   0.228   0.189   0.143   0.085   0.000   0.053   0.082   0.102   0.116   0.120   0.122   0.122
2015-10-28 10:19:54,461:    0.340   0.326   0.319   0.298   0.241   0.206   0.164   0.116   0.053   0.000   0.042   0.071   0.090   0.095   0.097   0.098
2015-10-28 10:19:54,461:    0.346   0.332   0.325   0.305   0.250   0.215   0.176   0.133   0.082   0.042   0.000   0.042   0.068   0.075   0.078   0.079
2015-10-28 10:19:54,461:    0.351   0.338   0.331   0.311   0.257   0.224   0.186   0.146   0.102   0.071   0.042   0.000   0.037   0.047   0.051   0.052
2015-10-28 10:19:54,475:    0.355   0.342   0.335   0.316   0.263   0.230   0.194   0.156   0.116   0.090   0.068   0.037   0.000   0.012   0.018   0.020
2015-10-28 10:19:54,476:    0.357   0.344   0.337   0.317   0.265   0.233   0.197   0.159   0.120   0.095   0.075   0.047   0.012   0.000   0.005   0.009
2015-10-28 10:19:54,476:    0.357   0.344   0.337   0.318   0.265   0.233   0.198   0.160   0.122   0.097   0.078   0.051   0.018   0.005   0.000   0.003
2015-10-28 10:19:54,476:    0.357   0.344   0.338   0.318   0.266   0.234   0.198   0.161   0.122   0.098   0.079   0.052   0.020   0.009   0.003   0.000
2015-10-28 10:19:54,487: Reading energies...
2015-10-28 10:19:55,133: Done.
2015-10-28 10:19:55,133: Deconvoluting replicas...
2015-10-28 10:19:56,229: Done.
2015-10-28 10:19:56,258: number of uncorrelated samples:
2015-10-28 10:19:56,258: [359 359 359 359 359 359 359 359 359 359 359 359 359 359 359 359]
2015-10-28 10:19:56,260: 
2015-10-28 10:19:56,266: Opening NetCDF trajectory file 'output/complex-explicit.nc' for reading...
2015-10-28 10:19:56,319: dimensions:
2015-10-28 10:19:56,319:        iteration     1000
2015-10-28 10:19:56,319:          replica       16
2015-10-28 10:19:56,319:             atom    45545
2015-10-28 10:19:56,319:          spatial        3
2015-10-28 10:19:56,319:           scalar        1
2015-10-28 10:19:56,320: Read 1000 iterations, 16 states
2015-10-28 10:19:56,321: Reading energies...
2015-10-28 10:19:58,580: Done.
2015-10-28 10:19:58,580: Deconvoluting replicas...
2015-10-28 10:20:00,109: Done.
2015-10-28 10:20:00,666: [797, 161.07634]
2015-10-28 10:20:03,765: Cumulative symmetrized state mixing transition matrix:
2015-10-28 10:20:03,765:            0     1     2     3     4     5     6     7     8     9    10    11    12    13    14    15
2015-10-28 10:20:03,765: 0      0.713 0.215 0.069                                                                              
2015-10-28 10:20:03,766: 1      0.215 0.431 0.327                                                                              
2015-10-28 10:20:03,766: 2      0.069 0.327 0.530 0.074                                                                        
2015-10-28 10:20:03,766: 3                  0.074 0.886                                                                        
2015-10-28 10:20:03,766: 4                              0.950                                                                  
2015-10-28 10:20:03,766: 5                                    0.941                                                            
2015-10-28 10:20:03,766: 6                                          0.980                                                      
2015-10-28 10:20:03,766: 7                                                0.995                                                
2015-10-28 10:20:03,766: 8                                                      0.955                                          
2015-10-28 10:20:03,767: 9                                                            0.941                                    
2015-10-28 10:20:03,767: 10                                                                 0.688 0.176                        
2015-10-28 10:20:03,767: 11                                                                 0.176 0.470 0.151 0.054 0.087 0.062
2015-10-28 10:20:03,767: 12                                                                       0.151 0.213 0.218 0.188 0.183
2015-10-28 10:20:03,767: 13                                                                       0.054 0.218 0.228 0.230 0.243
2015-10-28 10:20:03,767: 14                                                                       0.087 0.188 0.230 0.218 0.252
2015-10-28 10:20:03,767: 15                                                                       0.062 0.183 0.243 0.252 0.243
2015-10-28 10:20:03,774: Perron eigenvalue is unity; Markov chain is decomposable.
2015-10-28 10:20:03,774: Reading energies...
2015-10-28 10:20:04,412: Done.
2015-10-28 10:20:04,413: Deconvoluting replicas...
2015-10-28 10:20:05,522: Done.
2015-10-28 10:20:05,552: number of uncorrelated samples:
2015-10-28 10:20:05,552: [160 160 160 160 160 160 160 160 160 160 160 160 160 160 160 160]
2015-10-28 10:20:05,553: 
2015-10-28 10:20:05,553: Computing free energy differences...
2015-10-28 10:20:10,933: Computing covariance matrix...
2015-10-28 10:20:11,109: Deltaf_ij:
2015-10-28 10:20:11,109:    0.000   6.366   8.930  11.481   8.999   3.550  -3.080 -10.600 -18.343 -25.294 -32.075 -40.233 -44.955 -47.152 -48.290 -48.965
2015-10-28 10:20:11,109:   -6.366   0.000   2.563   5.115   2.633  -2.817  -9.446 -16.966 -24.709 -31.661 -38.442 -46.600 -51.321 -53.519 -54.656 -55.331
2015-10-28 10:20:11,109:   -8.930  -2.563   0.000   2.552   0.069  -5.380 -12.010 -19.530 -27.273 -34.224 -41.005 -49.163 -53.885 -56.082 -57.220 -57.895
2015-10-28 10:20:11,109:  -11.481  -5.115  -2.552   0.000  -2.482  -7.932 -14.561 -22.081 -29.824 -36.776 -43.557 -51.715 -56.436 -58.634 -59.772 -60.446
2015-10-28 10:20:11,110:   -8.999  -2.633  -0.069   2.482   0.000  -5.449 -12.079 -19.599 -27.342 -34.294 -41.074 -49.233 -53.954 -56.151 -57.289 -57.964
2015-10-28 10:20:11,110:   -3.550   2.817   5.380   7.932   5.449   0.000  -6.630 -14.150 -21.893 -28.844 -35.625 -43.783 -48.505 -50.702 -51.840 -52.515
2015-10-28 10:20:11,110:    3.080   9.446  12.010  14.561  12.079   6.630   0.000  -7.520 -15.263 -22.215 -28.995 -37.153 -41.875 -44.072 -45.210 -45.885
2015-10-28 10:20:11,110:   10.600  16.966  19.530  22.081  19.599  14.150   7.520   0.000  -7.743 -14.695 -21.475 -29.634 -34.355 -36.552 -37.690 -38.365
2015-10-28 10:20:11,110:   18.343  24.709  27.273  29.824  27.342  21.893  15.263   7.743   0.000  -6.951 -13.732 -21.890 -26.612 -28.809 -29.947 -30.622
2015-10-28 10:20:11,110:   25.294  31.661  34.224  36.776  34.294  28.844  22.215  14.695   6.951   0.000  -6.781 -14.939 -19.660 -21.858 -22.996 -23.671
2015-10-28 10:20:11,110:   32.075  38.442  41.005  43.557  41.074  35.625  28.995  21.475  13.732   6.781   0.000  -8.158 -12.880 -15.077 -16.215 -16.890
2015-10-28 10:20:11,111:   40.233  46.600  49.163  51.715  49.233  43.783  37.153  29.634  21.890  14.939   8.158   0.000  -4.721  -6.919  -8.057  -8.732
2015-10-28 10:20:11,111:   44.955  51.321  53.885  56.436  53.954  48.505  41.875  34.355  26.612  19.660  12.880   4.721   0.000  -2.197  -3.335  -4.010
2015-10-28 10:20:11,111:   47.152  53.519  56.082  58.634  56.151  50.702  44.072  36.552  28.809  21.858  15.077   6.919   2.197   0.000  -1.138  -1.813
2015-10-28 10:20:11,111:   48.290  54.656  57.220  59.772  57.289  51.840  45.210  37.690  29.947  22.996  16.215   8.057   3.335   1.138   0.000  -0.675
2015-10-28 10:20:11,111:   48.965  55.331  57.895  60.446  57.964  52.515  45.885  38.365  30.622  23.671  16.890   8.732   4.010   1.813   0.675   0.000
2015-10-28 10:20:11,111: dDeltaf_ij:
2015-10-28 10:20:11,111:    0.000   0.084   0.119   0.190   0.331   0.389   0.449   0.513   0.565   0.604   0.653   0.661   0.667   0.669   0.670   0.670
2015-10-28 10:20:11,111:    0.084   0.000   0.050   0.152   0.311   0.372   0.434   0.500   0.553   0.594   0.643   0.652   0.658   0.659   0.660   0.660
2015-10-28 10:20:11,112:    0.119   0.050   0.000   0.120   0.296   0.360   0.424   0.491   0.545   0.586   0.636   0.645   0.651   0.653   0.653   0.653
2015-10-28 10:20:11,112:    0.190   0.152   0.120   0.000   0.248   0.322   0.392   0.464   0.521   0.563   0.615   0.624   0.631   0.632   0.633   0.633
2015-10-28 10:20:11,112:    0.331   0.311   0.296   0.248   0.000   0.173   0.282   0.376   0.444   0.493   0.552   0.562   0.569   0.571   0.572   0.572
2015-10-28 10:20:11,127:    0.389   0.372   0.360   0.322   0.173   0.000   0.194   0.315   0.394   0.449   0.512   0.523   0.531   0.533   0.534   0.534
2015-10-28 10:20:11,127:    0.449   0.434   0.424   0.392   0.282   0.194   0.000   0.223   0.325   0.390   0.461   0.473   0.482   0.484   0.485   0.485
2015-10-28 10:20:11,127:    0.513   0.500   0.491   0.464   0.376   0.315   0.223   0.000   0.210   0.300   0.389   0.403   0.413   0.415   0.416   0.417
2015-10-28 10:20:11,135:    0.565   0.553   0.545   0.521   0.444   0.394   0.325   0.210   0.000   0.185   0.308   0.326   0.338   0.341   0.342   0.343
2015-10-28 10:20:11,135:    0.604   0.594   0.586   0.563   0.493   0.449   0.390   0.300   0.185   0.000   0.222   0.246   0.262   0.266   0.267   0.268
2015-10-28 10:20:11,140:    0.653   0.643   0.636   0.615   0.552   0.512   0.461   0.389   0.308   0.222   0.000   0.065   0.110   0.119   0.122   0.124
2015-10-28 10:20:11,143:    0.661   0.652   0.645   0.624   0.562   0.523   0.473   0.403   0.326   0.246   0.065   0.000   0.064   0.077   0.081   0.084
2015-10-28 10:20:11,143:    0.667   0.658   0.651   0.631   0.569   0.531   0.482   0.413   0.338   0.262   0.110   0.064   0.000   0.018   0.025   0.030
2015-10-28 10:20:11,143:    0.669   0.659   0.653   0.632   0.571   0.533   0.484   0.415   0.341   0.266   0.119   0.077   0.018   0.000   0.009   0.014
2015-10-28 10:20:11,144:    0.670   0.660   0.653   0.633   0.572   0.534   0.485   0.416   0.342   0.267   0.122   0.081   0.025   0.009   0.000   0.006
2015-10-28 10:20:11,144:    0.670   0.660   0.653   0.633   0.572   0.534   0.485   0.417   0.343   0.268   0.124   0.084   0.030   0.014   0.006   0.000
2015-10-28 10:20:11,157: Reading energies...
2015-10-28 10:20:11,798: Done.
2015-10-28 10:20:11,798: Deconvoluting replicas...
2015-10-28 10:20:12,889: Done.
2015-10-28 10:20:12,914: number of uncorrelated samples:
2015-10-28 10:20:12,914: [160 160 160 160 160 160 160 160 160 160 160 160 160 160 160 160]
2015-10-28 10:20:12,916: 
2015-10-28 10:20:12,920: 
2015-10-28 10:20:12,922: Binding free energy :          -22.360 +- 0.759 kT (         -13.330 +- 0.453 kcal/mol)
2015-10-28 10:20:12,922: 
2015-10-28 10:20:12,922: DeltaG solvent      :          -65.518 +- 0.357 kT
2015-10-28 10:20:12,922: DeltaG complex      :          -48.965 +- 0.670 kT
2015-10-28 10:20:12,922: DeltaG restraint    :            5.807          kT
2015-10-28 10:20:12,922: 
2015-10-28 10:20:12,923: Binding enthalpy    :          -34.597 +- 38.336 kT (         -20.625 +- 22.854 kcal/mol)
